0.0241 0.786502011
0.5468 0.786502011
0.667 0.786502011
0.9368 0.823501424
1.4596 0.823501424
1.5799 0.823501424
1.8455 0.752698899
2.3682 0.752698899
2.4883 0.760902538
2.7587 0.786502011
3.2816 0.786502011
3.4016 0.795503525
3.6677 0.72160311
4.1907 0.714301598
4.3105 0.736799111
4.5811 0.769203281
5.1041 0.752698899
5.224 0.760902538
5.4908 0.700003461
6.0138 0.693100686
6.1335 0.707102249
6.4044 0.729197985
6.9275 0.729197985
7.0472 0.736799111
7.3146 0.673100923
7.8377 0.666696739
7.9573 0.679600604
8.2282 0.707102249
8.7514 0.700003461
8.871 0.707102249
9.139 0.648100177
9.6622 0.642197108
9.7815 0.654201416
10.0526 0.686300294
10.5758 0.673100923
10.6953 0.679600604
10.964 0.625002268
11.4873 0.619501597
11.6065 0.625002268
11.8776 0.654201416
12.4009 0.648100177
12.5201 0.654201416
12.7897 0.603402988
13.313 0.593202176
13.4332 0.603402988
13.7034 0.630602227
14.2266 0.625002268
14.3458 0.636398716
14.616 0.583302126
15.1393 0.573802511
15.2584 0.583302126
15.5296 0.603402988
16.0528 0.603402988
16.1718 0.608699844
16.4429 0.555598149
16.9662 0.546899622
17.0851 0.559999157
17.3564 0.583302126
17.8796 0.57849811
17.9986 0.583302126
18.2705 0.534400351
18.7936 0.53030127
18.9125 0.538498806
19.1837 0.559999157
19.7067 0.559999157
19.8258 0.564502763
20.0984 0.514700552
20.6214 0.510900717
20.7404 0.518497538
21.0115 0.538498806
21.5344 0.538498806
21.6535 0.542601562
21.9269 0.496500891
22.4499 0.49299808
22.5688 0.496500891
22.8397 0.518497538
23.3626 0.514700552
23.4817 0.522400889
23.7559 0.476198736
24.2788 0.472999948
24.3977 0.479500664
24.6684 0.496500891
25.1912 0.496500891
25.3103 0.49999859
25.5853 0.457499265
26.108 0.454498803
26.227 0.463601468
26.4975 0.479500664
27.02 0.476198736
27.1394 0.482801347
27.4151 0.440299545
27.9376 0.437499376
28.0568 0.44299801
28.3269 0.457499265
28.8492 0.457499265
28.9687 0.463601468
29.2453 0.421700472
29.7676 0.419198804
29.8869 0.426799897
30.1567 0.44299801
30.6788 0.440299545
30.7985 0.445900253
31.0757 0.404598525
31.5979 0.402298874
31.7174 0.409401067
31.9867 0.426799897
32.5087 0.421700472
32.6285 0.429398451
32.9066 0.388901181
33.4285 0.386698484
33.5482 0.393301022
33.817 0.409401067
34.3388 0.407000852
34.4588 0.409401067
34.7377 0.374299126
35.2594 0.372298249
35.3793 0.376299466
35.6476 0.391100781
36.1691 0.391100781
36.2894 0.393301022
36.5691 0.359001038
37.0905 0.357099794
37.2107 0.362699722
37.4785 0.376299466
37.9997 0.374299126
38.1201 0.378401302
38.4006 0.344800255
38.9219 0.344800255
39.0421 0.348300384
39.3096 0.360800538
39.8304 0.359001038
39.9511 0.36460161
40.2326 0.331800963
40.7535 0.328601339
40.8739 0.336499034
41.1409 0.348300384
41.6614 0.346500853
41.7823 0.350000744
42.0646 0.318198461
42.5852 0.315300225
42.7059 0.32110086
42.9723 0.333300764
43.4926 0.331800963
43.6136 0.334901105
43.8969 0.304300372
44.4172 0.304300372
44.5382 0.308399271
44.8039 0.319598423
45.3238 0.318198461
45.4452 0.32110086
45.7294 0.294098657
46.2493 0.290500495
46.3705 0.296600252
46.6356 0.305700321
47.1553 0.304300372
47.2769 0.306999242
47.5621 0.279998789
48.0818 0.278900553
48.2031 0.282301396
48.4675 0.292901179
48.9868 0.291699826
49.1086 0.29540145
49.3948 0.269200183
49.9142 0.266199301
50.0357 0.271300016
50.2994 0.28110135
50.8185 0.279998789
50.9405 0.282301396
51.2278 0.257401025
51.7467 0.256399116
51.8685 0.260201226
52.1315 0.269200183
52.6503 0.267199422
52.7725 0.269200183
53.0607 0.24650081
53.5795 0.244800913
53.7015 0.248200101
53.9636 0.257401025
54.4822 0.256399116
54.6046 0.258300924
54.8938 0.236499307
55.4125 0.234099275
55.5345 0.237300027
55.7958 0.24650081
56.3144 0.245600266
56.4367 0.24650081
56.727 0.225799013
57.2455 0.22510012
57.3677 0.22799992
57.628 0.235698932
58.1465 0.234898916
58.2689 0.236499307
58.5604 0.21539968
59.0787 0.21539968
59.2011 0.217399197
59.4603 0.22510012
59.9785 0.22510012
60.1012 0.225799013
60.3938 0.205900961
60.9121 0.205300607
61.0345 0.207100727
61.2926 0.214700767
61.8107 0.214100446
61.9334 0.21539968
62.2272 0.1966008
62.7454 0.196100107
62.8679 0.198300841
63.1248 0.205300607
63.6428 0.204699956
63.7657 0.205300607
64.0607 0.18820001
64.5786 0.186700416
64.7014 0.188699401
64.9571 0.195500958
65.4749 0.194399492
65.598 0.196100107
65.8942 0.179500013
66.412 0.177199334
66.5352 0.178999906
66.7893 0.186700416
67.3069 0.185700522
67.4304 0.187199572
67.7278 0.171099503
68.2455 0.169500399
68.3688 0.171099503
68.6214 0.177199334
69.139 0.176799316
69.2627 0.178100016
69.5615 0.161700406
70.079 0.161299886
70.2024 0.16360014
70.4535 0.168700555
70.971 0.167899448
71.0949 0.169500399
71.395 0.154200743
71.9125 0.153500723
72.0362 0.154899308
72.2855 0.160599755
72.8029 0.159800359
72.9272 0.161299886
73.2287 0.146400392
73.746 0.146100579
73.87 0.147399307
74.1177 0.152199975
74.6348 0.152199975
74.7595 0.153500723
75.0627 0.138600442
75.5796 0.138300006
75.704 0.140300322
75.9498 0.144300117
76.4667 0.144000285
76.592 0.145799921
76.8966 0.131300065
77.4134 0.131300065
77.5382 0.132800138
77.7818 0.136699526
78.2986 0.136500091
78.4241 0.138099616
78.7305 0.124599585
79.2472 0.123900061
79.3723 0.126100005
79.6137 0.129399598
80.1303 0.129399598
80.2563 0.131100641
80.5648 0.117599558
81.0812 0.117599558
81.2063 0.119899666
81.4456 0.12219954
81.9619 0.122400111
82.0883 0.123900061
82.3989 0.111299557
82.9148 0.111500077
83.0405 0.113100328
83.2774 0.115299752
83.7935 0.115700537
83.9203 0.117300061
84.2331 0.104899765
84.7489 0.104800158
84.8749 0.10670044
85.1092 0.108899483
85.6248 0.10920046
85.7521 0.110799834
86.0674 0.098899608
86.5826 0.09960031
86.7093 0.100699948
86.9408 0.102500254
87.4562 0.102899757
87.5839 0.104300409
87.9017 0.093100102
88.4168 0.093600458
88.5437 0.095099649
88.7723 0.096700181
89.2872 0.096799834
89.4155 0.098300123
89.7363 0.0874
90.251 0.0874
90.3784 0.089099639
90.6038 0.090799636
91.1182 0.090899571
91.2471 0.092300105
91.5711 0.082099775
92.0852 0.082300343
92.2133 0.083600147
92.4351 0.085099851
92.949 0.08539993
93.0785 0.086700121
93.406 0.076999989
93.9198 0.076800049
94.0481 0.078499737
94.2662 0.079600094
94.7795 0.079899954
94.9096 0.08129994
95.2411 0.071899929
95.7542 0.071899929
95.883 0.073499991
96.097 0.074600356
96.6099 0.074600356
96.7405 0.076000147
97.0763 0.067100083
97.5889 0.067200137
97.7181 0.068600188
97.9278 0.069700346
98.44 0.069700346
98.5712 0.070999674
98.9118 0.0626
99.4237 0.06249992
99.5534 0.064100059
99.7583 0.064799979
100.2697 0.064899848
100.4016 0.066099771
100.7477 0.058199996
101.2588 0.058099978
101.3891 0.059299761
101.5884 0.060200176
102.0993 0.060200176
102.2317 0.061499883
102.5839 0.053800097
103.0942 0.054000067
103.225 0.055099756
103.4181 0.05590005
103.9286 0.055800079
104.0615 0.056899996
104.4202 0.050000114
104.9304 0.04960022
105.0611 0.050999982
105.2478 0.051600186
105.7573 0.051500179
105.8909 0.052599956
106.2573 0.046100107
106.7669 0.045599889
106.8982 0.046800097
107.0769 0.04760012
107.5856 0.047400145
107.7198 0.04830018
108.0947 0.042299924
108.604 0.041700173
108.7353 0.042999792
108.9057 0.043699877
109.4135 0.043399819
109.5482 0.044300027
109.9337 0.038499886
110.4417 0.038100038
110.5737 0.03910011
110.7336 0.039899958
111.2404 0.039500182
111.3757 0.040500134
111.7725 0.034999903
112.2804 0.03449986
112.4126 0.035500092
112.5604 0.036299911
113.0665 0.035899928
113.2025 0.036799906
113.613 0.031499929
114.1213 0.030800018
114.2527 0.03199998
114.3863 0.032799894
114.8913 0.032199962
115.0282 0.033299929
115.4552 0.028200093
115.9638 0.027400062
116.0948 0.028599959
116.2105 0.029400018
116.7143 0.028699947
116.8527 0.029899904
117.3002 0.024899937
117.8098 0.023899924
117.9387 0.025300022
118.0328 0.026199892
118.5348 0.025300022
118.6751 0.026600108
119.1503 0.02150005
119.662 0.020300089
119.7875 0.022000062
119.8524 0.022899963
120.3507 0.02189997
120.4941 0.023300045
121.0113 0.017799943
121.5349 0.015899939
121.6447 0.018400085
121.6671 0.019699934
122.1594 0.018400085
122.3089 0.020099909
