0.3846 0.769203281
0.4532 0.777796778
0.462 0.769203281
1.2984 0.752698899
1.3668 0.752698899
1.3758 0.752698899
2.2093 0.648100177
2.2778 0.648100177
2.2866 0.654201416
3.1919 0.636398716
3.1233 0.630602227
3.2008 0.636398716
4.0369 0.546899622
4.1055 0.551198655
4.1143 0.551198655
4.9504 0.53030127
5.0189 0.538498806
5.0278 0.534400351
5.8669 0.463601468
5.9356 0.466699359
5.9443 0.463601468
6.7791 0.451599299
6.8477 0.454498803
6.8564 0.454498803
7.6988 0.388901181
7.7676 0.393301022
7.7761 0.393301022
8.6091 0.380400741
8.6777 0.382498709
8.6865 0.382498709
9.532 0.328601339
9.601 0.331800963
9.6094 0.330198926
10.4398 0.319598423
10.5085 0.324101027
10.5172 0.324101027
11.3663 0.275601306
11.4352 0.276700385
11.4437 0.278900553
12.2709 0.270300764
12.3398 0.272401009
12.3485 0.272401009
13.2013 0.231800081
13.2703 0.234099275
13.2787 0.234898916
14.1024 0.225799013
14.1713 0.22799992
14.18 0.228799318
15.037 0.193900527
15.106 0.196100107
15.1145 0.1966008
15.9337 0.189200118
16.0026 0.190700718
16.0114 0.191800406
16.8734 0.161700406
16.9423 0.163899802
16.9509 0.163899802
17.7648 0.157700124
17.8337 0.159800359
17.8426 0.159800359
18.7103 0.134400652
18.7792 0.136500091
18.7877 0.136699526
19.5956 0.130599486
19.6645 0.132800138
19.6733 0.133100606
20.5479 0.111100509
20.6168 0.112900317
20.6253 0.113100328
21.4259 0.108000438
21.4945 0.10940048
21.5035 0.110099586
22.3866 0.091600367
22.4553 0.092300105
22.4637 0.093199772
23.2552 0.088699591
23.3235 0.089899761
23.3327 0.090299803
24.2265 0.074600356
24.2948 0.075299634
24.3032 0.076300179
25.0833 0.072600026
25.1515 0.073499991
25.1611 0.073900181
26.0678 0.060600023
26.136 0.061100209
26.1448 0.061800118
26.9098 0.058900247
26.9783 0.059599982
26.9881 0.060000043
27.9113 0.048500072
27.9802 0.049000244
27.9888 0.04960022
28.7341 0.047300236
28.803 0.048000205
28.8129 0.04830018
29.7585 0.038299823
29.8275 0.03890004
29.836 0.03930003
30.5553 0.037600046
30.6247 0.038199991
30.6349 0.038499886
31.6116 0.029600027
31.6811 0.029999937
31.6887 0.030599855
32.3707 0.029299934
32.4411 0.029799907
32.4519 0.030100003
33.4785 0.021600042
33.5468 0.022099949
33.5545 0.022499999
34.177 0.022000062
34.2478 0.022499999
34.2602 0.022800108
