0.3701 0.7368
0.3929 0.7292
0.4403 0.7292
1.2849 0.6731
1.3078 0.6731
1.355 0.6731
2.1991 0.5385
2.2221 0.5385
2.2692 0.5385
3.113 0.4965
3.136 0.493
3.1831 0.4965
4.0327 0.4
4.0557 0.3977
4.1028 0.4
4.9433 0.3665
4.9664 0.3627
5.0134 0.3665
5.8689 0.2941
5.892 0.2917
5.939 0.2941
6.7747 0.2703
6.7978 0.2662
6.8448 0.2703
7.7072 0.216
7.7303 0.2128
7.7773 0.2154
8.6063 0.1977
8.6292 0.1955
8.6762 0.1972
9.5471 0.157
9.5704 0.1545
9.6173 0.1563
10.437 0.1437
10.46 0.1417
10.5071 0.1434
11.389 0.1133
11.4122 0.1113
11.4593 0.1125
12.2664 0.1029
12.2893 0.1017
12.3366 0.1028
13.234 0.0801
13.2572 0.0788
13.3044 0.0796
14.0936 0.0732
14.1162 0.0721
14.1638 0.0729
15.0837 0.0558
15.1072 0.0548
15.1542 0.0556
15.9167 0.0512
15.939 0.0503
15.9868 0.051
16.9414 0.0378
16.9661 0.037
17.0121 0.0376
17.7327 0.0351
17.7554 0.0343
17.8026 0.035
18.8186 0.024
18.846 0.0232
18.8902 0.0237
19.534 0.0229
19.5556 0.0223
19.6031 0.0229
