0.403 0.673099981
0.521 0.666700006
0.8151 0.673099981
1.3212 0.534399977
1.4392 0.522400001
1.7333 0.530299997
2.2441 0.368399991
2.3625 0.360799997
2.6563 0.368399991
3.1558 0.290500001
3.2737 0.285699991
3.5679 0.28929999
4.0919 0.19770001
4.2103 0.195000004
4.504 0.197200007
4.99 0.1559
5.1078 0.153500002
5.4021 0.155599995
5.9463 0.103099999
6.065 0.101600004
6.3587 0.102900004
6.8199 0.081600001
6.9375 0.080000004
7.232 0.0814
7.8155 0.051099999
7.9348 0.050199998
8.2278 0.051000002
8.6384 0.041099998
8.7556 0.0404
9.0502 0.041099998
9.7342 0.021599999
9.8597 0.0207
10.1471 0.021500001
10.4203 0.018899999
10.5361 0.018500001
10.8316 0.018899999
